 demo                      SWAT+ May 13 2024        MODULAR Rev 2024.61.3-22-g4fb44eb                     
       year     plant_no   plant_name       harv_area(ha)    yld(t)         yld(t/ha)      
        1975           1 corn               12.06000       77.07840       6.391243    
        1975           2 soyb              0.0000000E+00  0.0000000E+00  0.0000000E+00
        1976           1 corn               12.06000       17.23784       1.429340    
        1976           2 soyb              0.0000000E+00  0.0000000E+00  0.0000000E+00
        1977           1 corn               12.06000       23.48817       1.947610    
        1977           2 soyb              0.0000000E+00  0.0000000E+00  0.0000000E+00
        1978           1 corn               12.06000       10.88510      0.9025790    
        1978           2 soyb              0.0000000E+00  0.0000000E+00  0.0000000E+00
        1979           1 corn               12.06000       10.00200      0.8293534    
        1979           2 soyb              0.0000000E+00  0.0000000E+00  0.0000000E+00
        1980           1 corn               12.06000       6.465477      0.5361091    
        1980           2 soyb              0.0000000E+00  0.0000000E+00  0.0000000E+00
        1981           1 corn               12.06000       6.101188      0.5059028    
        1981           2 soyb              0.0000000E+00  0.0000000E+00  0.0000000E+00
        1982           1 corn               12.06000       8.390894      0.6957623    
        1982           2 soyb              0.0000000E+00  0.0000000E+00  0.0000000E+00
        1983           1 corn               12.06000       9.794651      0.8121600    
        1983           2 soyb              0.0000000E+00  0.0000000E+00  0.0000000E+00
        1984           1 corn               12.06000       8.417673      0.6979828    
        1984           2 soyb              0.0000000E+00  0.0000000E+00  0.0000000E+00
        1985           1 corn               12.06000       7.384528      0.6123157    
        1985           2 soyb              0.0000000E+00  0.0000000E+00  0.0000000E+00
        1986           1 corn               12.06000       9.640504      0.7993783    
        1986           2 soyb              0.0000000E+00  0.0000000E+00  0.0000000E+00
        1987           1 corn               12.06000       9.912988      0.8219724    
        1987           2 soyb              0.0000000E+00  0.0000000E+00  0.0000000E+00
        1988           1 corn               12.06000       5.275866      0.4374681    
        1988           2 soyb              0.0000000E+00  0.0000000E+00  0.0000000E+00
        1989           1 corn               12.06000       5.443652      0.4513807    
        1989           2 soyb              0.0000000E+00  0.0000000E+00  0.0000000E+00
        1990           1 corn               12.06000       11.05029      0.9162760    
        1990           2 soyb              0.0000000E+00  0.0000000E+00  0.0000000E+00
        1991           1 corn               12.06000       6.941247      0.5755593    
        1991           2 soyb              0.0000000E+00  0.0000000E+00  0.0000000E+00
        1992           1 corn               12.06000       9.119655      0.7561902    
        1992           2 soyb              0.0000000E+00  0.0000000E+00  0.0000000E+00
        1993           1 corn               12.06000       12.61186       1.045759    
        1993           2 soyb              0.0000000E+00  0.0000000E+00  0.0000000E+00
        1994           1 corn               12.06000       8.092185      0.6709937    
        1994           2 soyb              0.0000000E+00  0.0000000E+00  0.0000000E+00
        1995           1 corn              0.0000000E+00  0.0000000E+00  0.0000000E+00
        1995           2 soyb              0.0000000E+00  0.0000000E+00  0.0000000E+00
        1996           1 corn               12.06000       14.41022       1.194877    
        1996           2 soyb              0.0000000E+00  0.0000000E+00  0.0000000E+00
        1997           1 corn               12.06000       7.907284      0.6556619    
        1997           2 soyb              0.0000000E+00  0.0000000E+00  0.0000000E+00
        1998           1 corn               12.06000       10.41312      0.8634429    
        1998           2 soyb              0.0000000E+00  0.0000000E+00  0.0000000E+00
        1999           1 corn               12.06000       8.504838      0.7052104    
        1999           2 soyb              0.0000000E+00  0.0000000E+00  0.0000000E+00
        2000           1 corn               12.06000       4.191144      0.3475243    
        2000           2 soyb              0.0000000E+00  0.0000000E+00  0.0000000E+00
        2001           1 corn               12.06000       7.130996      0.5912932    
        2001           2 soyb              0.0000000E+00  0.0000000E+00  0.0000000E+00
        2002           1 corn              0.0000000E+00  0.0000000E+00  0.0000000E+00
        2002           2 soyb              0.0000000E+00  0.0000000E+00  0.0000000E+00
        2003           1 corn               12.06000       13.47418       1.117262    
        2003           2 soyb              0.0000000E+00  0.0000000E+00  0.0000000E+00
        2004           1 corn               12.06000       8.347594      0.6921719    
        2004           2 soyb              0.0000000E+00  0.0000000E+00  0.0000000E+00
        2005           1 corn               12.06000       7.358335      0.6101438    
        2005           2 soyb              0.0000000E+00  0.0000000E+00  0.0000000E+00
        2006           1 corn               12.06000       8.341994      0.6917076    
        2006           2 soyb              0.0000000E+00  0.0000000E+00  0.0000000E+00
        2007           1 corn               12.06000       8.895064      0.7375674    
        2007           2 soyb              0.0000000E+00  0.0000000E+00  0.0000000E+00
        2008           1 corn               12.06000       12.42760       1.030481    
        2008           2 soyb              0.0000000E+00  0.0000000E+00  0.0000000E+00
        2009           1 corn               12.06000       8.030077      0.6658438    
        2009           2 soyb              0.0000000E+00  0.0000000E+00  0.0000000E+00
        2010           1 corn               12.06000       11.76094      0.9752023    
        2010           2 soyb              0.0000000E+00  0.0000000E+00  0.0000000E+00
        2011           1 corn               12.06000       6.136229      0.5088083    
        2011           2 soyb              0.0000000E+00  0.0000000E+00  0.0000000E+00
        2012           1 corn               12.06000       4.502427      0.3733355    
        2012           2 soyb              0.0000000E+00  0.0000000E+00  0.0000000E+00
        2013           1 corn               12.06000       5.601391      0.4644602    
        2013           2 soyb              0.0000000E+00  0.0000000E+00  0.0000000E+00
        2014           1 corn               12.06000       9.483594      0.7863676    
        2014           2 soyb              0.0000000E+00  0.0000000E+00  0.0000000E+00
        2015           1 corn               12.06000       9.664154      0.8013394    
        2015           2 soyb              0.0000000E+00  0.0000000E+00  0.0000000E+00
        2016           1 corn               12.06000       9.246956      0.7667459    
        2016           2 soyb              0.0000000E+00  0.0000000E+00  0.0000000E+00
        2017           1 corn               12.06000       7.253759      0.6014725    
        2017           2 soyb              0.0000000E+00  0.0000000E+00  0.0000000E+00
        2018           1 corn               12.06000       9.957732      0.8256825    
        2018           2 soyb              0.0000000E+00  0.0000000E+00  0.0000000E+00
        2019           1 corn               12.06000       9.882339      0.8194309    
        2019           2 soyb              0.0000000E+00  0.0000000E+00  0.0000000E+00
        2020           1 corn               12.06000       6.627329      0.5495297    
        2020           2 soyb              0.0000000E+00  0.0000000E+00  0.0000000E+00
