 demo                      SWAT+ May 13 2024        MODULAR Rev 2024.61.3-22-g4fb44eb                     
        jday        mon        day         yr            unit              gis_id     name                plant_c    res_decay_c    harv_stov_c         emit_c
                                                                                                          kg C/ha        kg C/ha        kg C/ha        kg C/ha
         366          12          31        2020           1                     1 hru0001            3334392.      0.0000000E+00  0.0000000E+00  0.0000000E+00
         366          12          31        2020           2                     1 hru0002            3334392.      0.0000000E+00  0.0000000E+00  0.0000000E+00
         366          12          31        2020           3                     1 hru0003            3334392.      0.0000000E+00  0.0000000E+00  0.0000000E+00
         366          12          31        2020           4                     1 hru0004            3334392.      0.0000000E+00  0.0000000E+00  0.0000000E+00
         366          12          31        2020           5                     1 hru0005            3334392.      0.0000000E+00  0.0000000E+00  0.0000000E+00
         366          12          31        2020           6                     1 hru0006            3334392.      0.0000000E+00  0.0000000E+00  0.0000000E+00
         366          12          31        2020           7                     1 hru0007            3334392.      0.0000000E+00  0.0000000E+00  0.0000000E+00
         366          12          31        2020           8                     1 hru0008            3334392.      0.0000000E+00  0.0000000E+00  0.0000000E+00
         366          12          31        2020           9                     1 hru0009            3334392.      0.0000000E+00  0.0000000E+00  0.0000000E+00
         366          12          31        2020          10                     1 hru0010            3334392.      0.0000000E+00  0.0000000E+00  0.0000000E+00
         366          12          31        2020          11                     1 hru0011            3334392.      0.0000000E+00  0.0000000E+00  0.0000000E+00
         366          12          31        2020          12                     1 hru0012            3334392.      0.0000000E+00  0.0000000E+00  0.0000000E+00
